09199520
60259892
33301953
90875079
01110183
01124396
74883895
73150045
92844383
17269108
24196920
50063367
34377971
70951934
28099512
60814195
30100650
41149113
72684992
78473586
06084000
06063669
41067977
24485362
95211365
65370376
62069349
62276441
20164075
08198780
30283799
27351083
53704533
89812069
74041193
56828985
24393895
61802379
54038111
80623867
77534492
69739129
69233934
69739110
91552257
66809711
63702037
17280199
71923829
60929391
68623240
17252533
97432598
08195873
70017050
51861429
61452572
90848837
55423388
73600776
01120271
01095356
64911470
94710392
69346550
68992955
63629216
41049838
73336386
08182688
