59651520
78468736
77755553
55519253
32126132
73353736
56934025
04067831
78012775
52856186
81078900
71839666
64448142
76181642
65189965
70762589
30164281
66105455
34366966
80356478
63789507
58656235
80996965
52954161
52801241
81043589
64376176
64376184
64376141
02077559
64900150
62170988
59256060
55395422
73013951
72590017
80102093
53565150
67943675
60934417
66976839
74134736
75253429
70084750
61242829
57368597
05051361
73397237
61624713
78730627
65980077
67838162
76484327
51916401
58187820
65369971
29029569
72652721
17261643
30262341
54500168
71822186
68652763
09185840
04082034
73401994
05073439
71698736
50838040
24478840
68633971
63702037
58758143
08099583
77680456
53296036
73979686
73150045
74754238
24453219
01137413
55571441
51232952
08153370
78473586
72918500
