65968158
73244155
62309498
66161819
14117528
27371360
59651520
67556906
76709167
34358102
67835317
05055648
78468736
75046938
04038956
82835896
34162244
73666351
52856186
84436581
77755553
83319034
81788061
68987749
86454080
72684992
64448142
08130883
69073678
77680456
32126132
85684074
32091625
86820087
61068349
65135059
68527551
74187597
78371481
68615094
84743069
75873680
30155176
86544047
70803064
01120271
01095356
56934025
86859382
69147108
51088614
55122582
62249533
78012775
68213239
84582626
01050829
62648055
61799750
41223735
17167281
32104230
37094843
76157253
62072927
62244124
08153432
66263336
83312609
71998217
86729128
87085607
71304304
73674982
75438690
32133314
73353736
02073939
56494564
80102093
39071815
55423388
75199238
88751511
52958477
41035902
08104131
84889853
34370815
81699387
88418685
09143276
08163409
67466168
70084750
52486400
55000959
63702037
88614883
85040444
41005022
72725567
41141363
41141239
01178474
77638336
85853828
88059367
39059711
70556822
62832263
88800946
87910896
01172437
85721743
55281567
09120190
68525524
80571719
85912727
01154973
86179535
85267635
84928794
27268552
41149315
72918500
67034888
53565150
86842757
56221509
08153370
29029569
78158087
08181796
53631897
63789507
59256060
85209597
75199998
18076003
41005173
90110900
34374870
76927970
17280199
41099111
41197638
17245467
52331962
70029180
02076097
60730447
66768977
63300664
81618859
41047145
80682162
74721283
75377047
86872540
61978221
80030092
41190476
30274892
70762589
24325856
54067391
63597039
78326206
81127324
81723156
52684717
61452572
17198211
67943675
74602543
56871805
59336498
74134736
27258035
86953869
64230899
77077105
