61754471
54049431
27307515
39068356
41222646
41226861
41141829
41245075
01123419
41105788
41133849
41222776
30271006
09140691
30137445
41102327
67639054
56708874
77680456
69710198
51049384
65613902
63743485
63709597
68092016
08182342
74963937
50866575
41193020
04069088
34283612
32105047
08134696
41088185
24450312
60396830
09193626
41141091
32123338
37083690
68693834
53825985
34366966
34357584
54038111
57664447
17278973
41032027
53360613
73061905
72191430
41118833
24325621
05062128
06089356
24478840
51232952
08154763
41027001
37121910
61643173
11043745
50741632
41155836
62414259
41193067
17141651
41088255
18086773
39084589
28111649
14126254
41062327
41022558
41035166
58066330
41046392
41050547
41055664
41059171
55281567
51190729
08222170
27370927
56474113
67713300
74309323
52936120
53362543
60912618
56111789
55789633
01144972
69084963
55664415
41169384
54044774
55954294
53179889
27272512
41178753
17168061
52830535
09155916
27298839
14094685
50111566
50679716
08198007
60743956
14107754
01165217
53019342
34230367
27296066
52044343
32060060
65980077
69573174
65032101
32113815
17227800
64728943
54630193
69617430
72170417
50833332
65744845
69231176
72493674
63855852
53830911
30210140
68089856
72957611
61249394
64770478
72014105
54820685
12049254
53704533
64911470
39076090
58178619
57131392
63148501
50451154
41192015
58788689
32091625
52693317
17251390
56821875
64589811
32116298
20171605
34340246
09199045
67026567
34285989
67527558
72610719
24436369
34208666
63645955
72710837
59929014
05055648
56562330
72517050
27267008
51662264
41052011
41055111
32113805
41081032
41085846
65068416
20170455
18079931
18065595
64551318
41125262
41126751
34200597
36053708
24330016
37107647
41000436
41173845
41166027
24412011
41068375
41059294
41213665
30158002
41038965
41047145
24297455
41190614
41184520
41179168
41103368
41113368
41099381
41225869
41105368
27260630
27181317
41239364
34362777
41247103
04057969
28116689
41060187
64793974
66940435
56486243
58120572
28029398
32102065
41052701
13037206
01111578
68774656
08149444
06063669
41009300
37096206
41038724
24199941
08089010
34112551
24379650
34257381
41106011
37136887
17145911
05067550
41118911
01087289
17208147
37141322
24420787
41051592
08219641
63463121
64806413
72125098
30151184
11066251
60931973
70621314
59025166
17259872
52724255
55423388
41000473
01120163
18080878
01121064
09120190
09215809
41055843
41020244
04038956
28098708
02076097
56484011
69154775
51004674
64577295
60167726
68724926
34238535
57040052
17279214
34104615
65311272
63733544
08162978
63030594
11054259
70821372
73150045
66182247
74000896
67366090
58707972
71752536
62065629
58653473
66357438
61612782
09143276
50175335
