65968158
87769468
55250920
74495984
84053240
90932684
82480923
69592217
81082754
80682162
41005173
73808768
75325098
59586176
86437356
86533851
70529329
68716249
61242829
81004109
75647621
84205997
41172020
72111526
66161819
59422084
17225530
73725714
89125282
74602543
87714434
62250213
81754272
78208947
51861429
17218584
89212649
78012775
08153370
74282603
67842852
63213923
05055648
75446731
63774445
76344835
41053219
55583261
08096100
80671160
78326206
87639297
82736510
63702037
77077105
87371227
70320500
86872575
67835317
73666351
58120572
41062188
69346550
68666276
68666284
67721133
64448142
14092693
18128939
80281702
41049860
86091867
08104131
78468736
41072650
78127904
87239396
62244124
74286919
01136982
78455847
86804758
72147369
89558537
72183462
53500776
86118366
85719749
81371470
69016046
69084963
24453219
75941422
87074141
14070894
37110223
86175130
72918500
84532637
65135059
80102093
88879267
86727745
90872908
77755553
17279214
24393895
17269108
89604202
27268552
89974069
89284704
63235781
87216051
02076097
89805542
73337676
71373632
90523768
83319034
81788061
75873680
78404894
90698665
92391761
82499705
87769182
62437631
73902683
20160908
32133314
72684992
88692906
34201302
71907106
88042103
89807634
81207859
88009866
41114556
86727060
86149547
78072794
18065595
70029180
77776658
34321031
24418140
76514862
71745696
81770383
76235769
77680456
34208666
84131187
88195368
88319156
69073678
41067977
74127934
60144513
90699416
91394511
88033643
01120271
57849706
55004849
78161983
86558714
87608294
88032833
66507278
74458167
85351822
87904349
68603371
32126132
69812098
72957611
65915380
89776224
73401994
85899534
78327326
58644555
88722007
90888138
41214632
17280199
02073939
75133318
34370893
14075233
30274931
50104276
24366758
68623240
56490917
55478514
41049838
54751578
34332127
91166101
41223735
41099111
84889853
08124168
68525524
86477986
86469029
27307515
74134736
86443119
77843495
27365105
41186582
54038111
66362733
55869319
87287242
90553152
08198007
56934025
32170514
10043379
56577702
41035085
82268355
75622335
85779733
77814657
08142671
32091625
81127324
62545620
55178979
09144748
20171605
63629216
08195873
41035902
08164479
51288710
63377012
87973758
67419054
09145552
02098291
72983515
58476512
27321702
27327117
69742049
85193526
75774542
59675047
85267635
72896663
52517322
39071815
84582626
61068349
87792966
09140691
87710722
64900150
74721283
83271554
61461369
86851144
52331962
74415808
53631897
78473586
69517606
52260208
68527551
34377971
83312609
74893254
06084000
06063669
50024078
81359616
67108954
14126254
24319534
84824956
60549386
08149444
39059711
39068356
41077793
37159559
69554145
68992955
85863025
68190042
77638336
61370630
60262737
34321379
64612902
59479434
63697009
71998217
70483698
09125621
73142905
72050969
73655902
66973767
75330245
63300664
69554307
75841517
86906801
86544047
85326054
70206929
88903982
30160566
53016270
72493674
71304304
41172086
41060187
74853937
34131070
68615094
01095356
18112612
70343136
78550076
08207606
85736279
90246160
92338542
85749516
41052159
86060279
80148492
24297455
41055664
18076003
64230899
65776712
41000413
55423388
65292863
30209930
22057719
59454903
59473797
74041193
30269551
69103526
41047349
71752536
88074714
52684717
57486727
62734660
64911470
50126105
74374281
74187597
30151184
70803064
34268813
67375472
41102327
32060060
30283799
87910896
24444204
11066251
62151517
01131272
83359729
41135552
77870417
63049384
80512739
65599470
53107020
41022643
68934947
34322234
64758036
24428401
75227177
70376638
63709597
69256063
30157794
69410666
84699663
60833807
86815245
65109244
34374870
68480369
34220381
08189302
80356478
34359048
54994691
27195258
01129943
63128136
59420944
41059294
89036220
24428964
88175200
85155756
83406700
71010548
34305673
69708452
81427891
65613902
76449637
34176114
34259830
41017323
08149897
17149917
37107589
18073585
82864209
60690461
52483738
27336321
57002118
34184617
62956477
51386747
70084750
27340169
72725567
76484327
88800946
76080501
70014299
08089010
59249218
74447130
09120190
09163061
56486243
83756167
87578050
41155836
41223799
41199273
41178623
63567938
62832263
70556822
55395945
24302572
41238376
77272404
88236110
34142090
62170988
41184520
41001007
52387143
41177220
70019258
28095822
67621902
08142634
34349684
68567839
52830535
30242745
41088848
41180827
73498858
69972133
09063038
09145825
05060683
41126848
50625586
23091362
54560209
09199157
41113368
32077906
86179535
41244488
41078510
08130883
61100838
77109759
41227351
14125865
34366966
41000436
51437848
61543489
28100277
66371341
41169384
41125061
60128534
69822492
61649198
09171188
90541766
32130711
67295258
51628708
55250734
41035167
06089356
56576013
27255600
70821372
17198211
14126551
41035024
24299846
62375644
11056895
17138861
34289162
52724255
90944739
20133170
41005051
59335017
66349052
66809711
89355342
09181367
60760559
41214538
20141843
66113296
27187628
55047009
41058854
01157981
89344170
58187820
41225437
69596565
54315271
41027001
76590003
68323530
60917105
09129229
87934469
30244197
09137871
14085031
53704533
86833200
50798308
73551015
55664415
81835590
58890599
86949136
22045081
41090962
85597449
04082132
41097329
34358102
54852838
41126114
02084324
41202793
17258004
34253389
69154775
04075244
74417266
56671962
65268172
56321430
41087385
41046810
77023366
41070330
28116689
51088614
80991076
14124959
68956339
41046392
63148501
50848542
61735159
56134002
08088958
27283988
53997611
87123525
41088185
86953869
41165544
51166909
08094043
17205003
41118005
41247103
41194854
41076982
67110193
75941929
08154553
63957906
60267267
41050222
08154161
30161679
41062327
69006814
02086881
41020244
41232302
04084443
08173909
41096992
85077348
41125903
41071981
32152692
11042268
66391776
17264705
78209994
60211024
41225010
27185703
68571992
24342726
41085846
86237799
41088255
66714478
86842757
57644659
08121485
63803399
41107082
66571081
41231298
05079819
32099806
87774496
61717894
39084589
24453711
41265769
08094960
61977624
41055843
41241831
28103868
66184525
30147072
40530817
72909838
02035346
69617430
83099484
62350080
72010940
69557667
41121600
51662000
39100035
34184520
58497978
51712148
66516749
41231194
41032279
41038965
41159777
27248096
41068375
55035396
20109300
41238617
01140346
41174469
82718016
41047145
22054145
54772753
41055111
41127056
11044284
23088794
24403408
41167550
34109793
70762589
28107195
63645955
78069459
24264945
41035212
70586004
41177415
41235221
73336386
61403660
01173273
53949803
56708874
04066212
41013211
61007358
72667001
41125094
41053245
68724926
80076645
77070305
14112652
14072124
08083453
86255703
14078855
82505675
27272512
58544690
77085558
37111182
41055407
86317792
30172727
62498851
62161792
77797795
41125492
08162978
24425068
20135179
41027072
36053708
27366422
41245338
41102269
17181796
41100695
74174460
28084849
41032033
61643173
41125312
34362777
01136210
27278704
14068232
08226238
41076731
41068374
24447101
41085837
41081234
41199892
68036361
63495554
41081095
41055655
17137132
01121238
64770478
41009300
56124570
05075996
28111649
50133470
41032027
41173845
41224666
86735373
08215422
82128855
41051592
41126751
70566682
63327945
70938717
34250300
30260599
41118419
17131785
27298839
24369841
54059208
77474619
12062819
64853322
24334384
73651885
68185731
41066221
37139139
78353424
41197688
62966421
41102850
37138130
81346093
05082174
60294167
41052011
50111566
Def_MRC
75199238
59662549
66391059
80262783
56474113
20100257
56695101
71637559
02077559
54102901
30158002
08152192
08154763
09202321
67676391
41244253
41020664
12038771
59827068
05073439
41087534
62552007
41151188
41141239
69062196
27318571
24383768
41141265
01178096
71119655
13037206
52954161
52565564
08144719
84474920
83173145
67620701
78538335
41066359
73104752
17225596
09179857
91327024
78538238
55000959
41239982
85654515
14122753
41096968
65519051
41052701
30231098
17276875
78686687
89409388
08161920
83250417
41076072
61799750
67535100
69050317
01169570
17127118
32139459
68057725
41126544
73422231
17245467
14091372
41128994
55789633
61149683
50456369
41192015
65014995
71229361
54327946
80890326
09200395
56111789
41188459
38023183
54135079
77212762
18071289
24478840
41073449
54463319
61452572
76927970
41180032
62903306
87731444
68987749
41095516
82619786
41168042
74258966
64638030
41227061
41027866
88520714
65744845
28102621
04058025
02071053
41118658
41241550
81090544
04088311
62223402
09103258
41035166
65858190
04062069
54289645
01170406
63905213
41032283
41165834
75377047
41059891
41064747
41239364
61802379
24325856
32107374
09110875
09096140
09143276
41118833
27319659
66960169
37107647
69846995
41190614
82940487
75818868
09103844
34239269
50451154
09129243
70325391
72191430
01154973
41178753
58267468
02095203
63399547
41052635
34200840
53532589
41200490
51190729
27253843
57327572
58653473
56952813
41074124
24332597
41180026
24199941
57156417
63855852
22054521
82027811
41245075
08137342
41081032
22063723
24388202
24379650
85543535
70072388
09212826
01178474
33299171
41113565
73797510
70366640
41048366
24325621
61198277
34112809
87907119
41027903
55620434
41207079
68681437
41012091
57837953
69040168
66263336
41178066
05075690
89845919
41105368
08080399
41099381
67067360
41118911
69048614
73353736
17278973
41212707
41225869
70026572
20057835
76657434
51709015
09185840
67779573
89752724
75047578
41235021
02100277
58163379
61806897
65936965
41080557
67365833
71787151
75962004
32164202
41009381
69975582
56711700
01140134
34229005
17200931
90055403
82442398
05067550
41062263
41001316
64992284
67702848
76527166
17151696
17264964
51875241
75581868
17225125
65716698
28099814
63273845
30271006
58902260
61096318
41022329
55412416
37144729
58707972
41022558
20115882
17140659
41226861
50866575
78425328
37096206
73770442
64117391
88542157
17163424
91578736
60389958
37161753
54049431
85100838
08090143
34308347
04055278
09169814
50641492
41179168
17126402
01110074
41155311
60198877
56840276
72343532
54044774
41057184
09212724
41081034
34235755
41076416
67719104
65042662
34126607
76992071
82778434
62184822
83661859
68774656
17124397
55893228
70369992
69055793
64338436
37141322
02081077
66098548
14091719
73560391
14127976
65084780
30262341
54735211
53385829
52985008
41165322
05062128
58877738
74883895
63354675
92208347
67491758
85794015
14120630
88741680
09199520
78342864
78342988
02095109
78342902
60992670
41122080
30194515
59336498
68723091
68805098
41020275
08163409
05068689
37121910
66795796
54931789
76126374
60492295
41000801
53830911
41186587
89307615
80199909
24252278
57040591
73932132
41014477
60941138
73645249
53998812
41238099
41174079
41188061
62535498
41095510
17258071
53239857
41005390
09199045
65359372
77257812
72014105
50739050
04062590
78533074
41181294
17141651
71868496
75158418
74798413
55421520
20136126
86877240
70057362
69458006
85050210
74804367
61754471
77546687
41005022
01137890
58591168
09213007
61262935
68065205
68436513
54137241
88391396
01168718
08150716
71698736
69233934
57100616
51688867
73125768
41050547
81135114
17275393
85941859
50838040
55797334
82406715
87850036
09147782
41236569
57664447
41141829
54897866
34357584
73146625
58255125
54907500
68599943
88414906
66371643
75920565
71187022
63705745
82770816
73178608
75279312
01146184
59349948
87769549
41035874
24448009
68317867
75948192
67544886
78169801
81373163
60171960
73380164
17190728
59617799
89603079
30226141
88781909
83126031
72425679
67764320
53494385
88512320
74542931
71128581
88945863
67856861
88559939
86820524
72151250
71266593
72862009
61466913
77731808
24426565
84954086
70073449
69085501
85433020
65894383
30242459
78551994
34126509
81096607
57982449
60016124
66385180
63951061
67360939
85552976
71571981
72614587
72419105
87873443
53847946
88806936
75059274
87067528
76332365
24369492
78165318
85065641
08133452
02081297
70526001
71892966
54248353
89476557
86704591
52955036
60592516
68174977
77575091
70838003
89799569
70890951
65537580
86416510
67714080
14131474
88360156
12066373
73350036
67532675
83114262
69918449
75348713
80424953
27321677
28029398
27321698
27321694
17253948
85592862
81562772
16079866
66381924
74710338
08112278
75024241
64058956
88518353
78356067
68193432
86716085
68488866
58134492
17193378
37085647
57823162
85749354
87324474
41063674
63362678
50074105
55899374
34327040
28111611
69008027
70526109
83345493
66428726
77361644
27261487
86045830
71032770
66853494
88387208
53655451
76981088
32134360
69811369
63623501
41014377
76292738
78289556
04067432
89966678
41177808
92322360
64498166
73993484
41222777
14101426
81243979
63016796
04062063
14100256
66466873
34239948
64763013
