63017784
84929618
80876242
65968158
73353736
80429610
01120271
01095356
71127097
88946576
77680456
05055648
82449783
81796552
52055345
61945331
63654660
94344108
73666351
85026603
86446606
92901352
73150045
62250213
09016777
08158370
39091767
17250601
20137484
02325269
28054920
62279238
27210168
14132203
01157435
20047074
68181140
77530616
61774227
27318360
62358308
83334351
41062007
78442583
08201200
68924607
92056156
08215072
08073005
41231298
33273328
09221489
76083934
09198044
57122644
70045933
24464659
22040269
