78468736
80242944
56934025
70762589
64751309
67688934
69340404
50581589
75608944
73245682
02076097
71007075
41166027
08209457
67835317
73979686
20159356
20147620
34176114
67764320
69495912
70722307
20157206
41005390
34349684
67375472
63213923
76447871
34218867
39059711
72581239
77189159
41032142
50619241
70317135
34187495
73898430
71937250
56022247
52856186
32125524
78072794
76446476
53745981
59328975
73674982
66605571
56909438
65369971
67117112
52716058
66674832
09217053
70141932
65613902
68949170
82820937
67943675
32137993
17193165
73639753
73651885
73639761
14090236
62170988
02077559
41126114
63774445
72652721
69154775
02090352
08200650
